{
 "cells": [
  {
   "cell_type": "markdown",
   "metadata": {},
   "source": [
    "# HW2 Problem 5 Vehicle Routing"
   ]
  },
  {
   "cell_type": "code",
   "execution_count": 3,
   "metadata": {},
   "outputs": [
    {
     "data": {
      "text/html": [
       "<div>\n",
       "<style scoped>\n",
       "    .dataframe tbody tr th:only-of-type {\n",
       "        vertical-align: middle;\n",
       "    }\n",
       "\n",
       "    .dataframe tbody tr th {\n",
       "        vertical-align: top;\n",
       "    }\n",
       "\n",
       "    .dataframe thead th {\n",
       "        text-align: right;\n",
       "    }\n",
       "</style>\n",
       "<table border=\"1\" class=\"dataframe\">\n",
       "  <thead>\n",
       "    <tr style=\"text-align: right;\">\n",
       "      <th></th>\n",
       "      <th>0</th>\n",
       "      <th>1</th>\n",
       "      <th>2</th>\n",
       "      <th>3</th>\n",
       "      <th>4</th>\n",
       "      <th>5</th>\n",
       "      <th>6</th>\n",
       "      <th>7</th>\n",
       "      <th>8</th>\n",
       "      <th>9</th>\n",
       "      <th>10</th>\n",
       "      <th>11</th>\n",
       "      <th>12</th>\n",
       "    </tr>\n",
       "  </thead>\n",
       "  <tbody>\n",
       "    <tr>\n",
       "      <th>0</th>\n",
       "      <td>0</td>\n",
       "      <td>2457</td>\n",
       "      <td>712</td>\n",
       "      <td>1433</td>\n",
       "      <td>66</td>\n",
       "      <td>2141</td>\n",
       "      <td>1616</td>\n",
       "      <td>635</td>\n",
       "      <td>2407</td>\n",
       "      <td>1104</td>\n",
       "      <td>644</td>\n",
       "      <td>1167</td>\n",
       "      <td>1057</td>\n",
       "    </tr>\n",
       "    <tr>\n",
       "      <th>1</th>\n",
       "      <td>2457</td>\n",
       "      <td>0</td>\n",
       "      <td>1752</td>\n",
       "      <td>1374</td>\n",
       "      <td>2409</td>\n",
       "      <td>365</td>\n",
       "      <td>851</td>\n",
       "      <td>1853</td>\n",
       "      <td>958</td>\n",
       "      <td>2339</td>\n",
       "      <td>1817</td>\n",
       "      <td>1688</td>\n",
       "      <td>1775</td>\n",
       "    </tr>\n",
       "    <tr>\n",
       "      <th>2</th>\n",
       "      <td>712</td>\n",
       "      <td>1752</td>\n",
       "      <td>0</td>\n",
       "      <td>954</td>\n",
       "      <td>672</td>\n",
       "      <td>1452</td>\n",
       "      <td>906</td>\n",
       "      <td>275</td>\n",
       "      <td>1737</td>\n",
       "      <td>1195</td>\n",
       "      <td>167</td>\n",
       "      <td>838</td>\n",
       "      <td>778</td>\n",
       "    </tr>\n",
       "    <tr>\n",
       "      <th>3</th>\n",
       "      <td>1433</td>\n",
       "      <td>1374</td>\n",
       "      <td>954</td>\n",
       "      <td>0</td>\n",
       "      <td>1368</td>\n",
       "      <td>1010</td>\n",
       "      <td>871</td>\n",
       "      <td>829</td>\n",
       "      <td>1891</td>\n",
       "      <td>967</td>\n",
       "      <td>878</td>\n",
       "      <td>336</td>\n",
       "      <td>445</td>\n",
       "    </tr>\n",
       "    <tr>\n",
       "      <th>4</th>\n",
       "      <td>66</td>\n",
       "      <td>2409</td>\n",
       "      <td>672</td>\n",
       "      <td>1368</td>\n",
       "      <td>0</td>\n",
       "      <td>2090</td>\n",
       "      <td>1572</td>\n",
       "      <td>577</td>\n",
       "      <td>2383</td>\n",
       "      <td>1047</td>\n",
       "      <td>593</td>\n",
       "      <td>1101</td>\n",
       "      <td>991</td>\n",
       "    </tr>\n",
       "    <tr>\n",
       "      <th>5</th>\n",
       "      <td>2141</td>\n",
       "      <td>365</td>\n",
       "      <td>1452</td>\n",
       "      <td>1010</td>\n",
       "      <td>2090</td>\n",
       "      <td>0</td>\n",
       "      <td>593</td>\n",
       "      <td>1522</td>\n",
       "      <td>1111</td>\n",
       "      <td>1974</td>\n",
       "      <td>1498</td>\n",
       "      <td>1324</td>\n",
       "      <td>1412</td>\n",
       "    </tr>\n",
       "    <tr>\n",
       "      <th>6</th>\n",
       "      <td>1616</td>\n",
       "      <td>851</td>\n",
       "      <td>906</td>\n",
       "      <td>871</td>\n",
       "      <td>1572</td>\n",
       "      <td>593</td>\n",
       "      <td>0</td>\n",
       "      <td>1039</td>\n",
       "      <td>1033</td>\n",
       "      <td>1710</td>\n",
       "      <td>987</td>\n",
       "      <td>1078</td>\n",
       "      <td>1124</td>\n",
       "    </tr>\n",
       "    <tr>\n",
       "      <th>7</th>\n",
       "      <td>635</td>\n",
       "      <td>1853</td>\n",
       "      <td>275</td>\n",
       "      <td>829</td>\n",
       "      <td>577</td>\n",
       "      <td>1522</td>\n",
       "      <td>1039</td>\n",
       "      <td>0</td>\n",
       "      <td>1956</td>\n",
       "      <td>920</td>\n",
       "      <td>108</td>\n",
       "      <td>633</td>\n",
       "      <td>550</td>\n",
       "    </tr>\n",
       "    <tr>\n",
       "      <th>8</th>\n",
       "      <td>2407</td>\n",
       "      <td>958</td>\n",
       "      <td>1737</td>\n",
       "      <td>1891</td>\n",
       "      <td>2383</td>\n",
       "      <td>1111</td>\n",
       "      <td>1033</td>\n",
       "      <td>1956</td>\n",
       "      <td>0</td>\n",
       "      <td>2732</td>\n",
       "      <td>1874</td>\n",
       "      <td>2110</td>\n",
       "      <td>2151</td>\n",
       "    </tr>\n",
       "    <tr>\n",
       "      <th>9</th>\n",
       "      <td>1104</td>\n",
       "      <td>2339</td>\n",
       "      <td>1195</td>\n",
       "      <td>967</td>\n",
       "      <td>1047</td>\n",
       "      <td>1974</td>\n",
       "      <td>1710</td>\n",
       "      <td>920</td>\n",
       "      <td>2732</td>\n",
       "      <td>0</td>\n",
       "      <td>1028</td>\n",
       "      <td>654</td>\n",
       "      <td>587</td>\n",
       "    </tr>\n",
       "    <tr>\n",
       "      <th>10</th>\n",
       "      <td>644</td>\n",
       "      <td>1817</td>\n",
       "      <td>167</td>\n",
       "      <td>878</td>\n",
       "      <td>593</td>\n",
       "      <td>1498</td>\n",
       "      <td>987</td>\n",
       "      <td>108</td>\n",
       "      <td>1874</td>\n",
       "      <td>1028</td>\n",
       "      <td>0</td>\n",
       "      <td>713</td>\n",
       "      <td>640</td>\n",
       "    </tr>\n",
       "    <tr>\n",
       "      <th>11</th>\n",
       "      <td>1167</td>\n",
       "      <td>1688</td>\n",
       "      <td>838</td>\n",
       "      <td>336</td>\n",
       "      <td>1101</td>\n",
       "      <td>1324</td>\n",
       "      <td>1078</td>\n",
       "      <td>633</td>\n",
       "      <td>2110</td>\n",
       "      <td>654</td>\n",
       "      <td>713</td>\n",
       "      <td>0</td>\n",
       "      <td>117</td>\n",
       "    </tr>\n",
       "    <tr>\n",
       "      <th>12</th>\n",
       "      <td>1057</td>\n",
       "      <td>1775</td>\n",
       "      <td>778</td>\n",
       "      <td>445</td>\n",
       "      <td>991</td>\n",
       "      <td>1412</td>\n",
       "      <td>1124</td>\n",
       "      <td>550</td>\n",
       "      <td>2151</td>\n",
       "      <td>587</td>\n",
       "      <td>640</td>\n",
       "      <td>117</td>\n",
       "      <td>0</td>\n",
       "    </tr>\n",
       "  </tbody>\n",
       "</table>\n",
       "</div>"
      ],
      "text/plain": [
       "       0     1     2     3     4     5     6     7     8     9    10    11  \\\n",
       "0      0  2457   712  1433    66  2141  1616   635  2407  1104   644  1167   \n",
       "1   2457     0  1752  1374  2409   365   851  1853   958  2339  1817  1688   \n",
       "2    712  1752     0   954   672  1452   906   275  1737  1195   167   838   \n",
       "3   1433  1374   954     0  1368  1010   871   829  1891   967   878   336   \n",
       "4     66  2409   672  1368     0  2090  1572   577  2383  1047   593  1101   \n",
       "5   2141   365  1452  1010  2090     0   593  1522  1111  1974  1498  1324   \n",
       "6   1616   851   906   871  1572   593     0  1039  1033  1710   987  1078   \n",
       "7    635  1853   275   829   577  1522  1039     0  1956   920   108   633   \n",
       "8   2407   958  1737  1891  2383  1111  1033  1956     0  2732  1874  2110   \n",
       "9   1104  2339  1195   967  1047  1974  1710   920  2732     0  1028   654   \n",
       "10   644  1817   167   878   593  1498   987   108  1874  1028     0   713   \n",
       "11  1167  1688   838   336  1101  1324  1078   633  2110   654   713     0   \n",
       "12  1057  1775   778   445   991  1412  1124   550  2151   587   640   117   \n",
       "\n",
       "      12  \n",
       "0   1057  \n",
       "1   1775  \n",
       "2    778  \n",
       "3    445  \n",
       "4    991  \n",
       "5   1412  \n",
       "6   1124  \n",
       "7    550  \n",
       "8   2151  \n",
       "9    587  \n",
       "10   640  \n",
       "11   117  \n",
       "12     0  "
      ]
     },
     "execution_count": 3,
     "metadata": {},
     "output_type": "execute_result"
    }
   ],
   "source": [
    "import pandas as pd\n",
    "import numpy as np\n",
    "\n",
    "D =[[0,2457,712,1433,66,2141,1616,635,2407,1104,644,1167,1057],                     \n",
    "[2457,0,1752,1374,2409,365,851,1853,958,2339,1817,1688,1775],               \n",
    "[712,1752,0,954,672,1452,906,275,1737,1195,167,838,778],            \n",
    "[1433,1374,954,0,1368,1010,871,829,1891,967,878,336,445],            \n",
    "[66,2409,672,1368,0,2090,1572,577,2383,1047,593,1101,991],               \n",
    "[2141,365,1452,1010,2090,0,593,1522,1111,1974,1498,1324,1412],                  \n",
    "[1616,851,906,871,1572,593,0,1039,1033,1710,987,1078,1124],               \n",
    "[635,1853,275,829,577,1522,1039,0,1956,920,108,633,550],            \n",
    "[2407,958,1737,1891,2383,1111,1033,1956,0,2732,1874,2110,2151],               \n",
    "[1104,2339,1195,967,1047,1974,1710,920,2732,0,1028,654,587],\n",
    "[644,1817,167,878,593,1498,987,108,1874,1028,0,713,640],                  \n",
    "[1167,1688,838,336,1101,1324,1078,633,2110,654,713,0,117],                     \n",
    "[1057,1775,778,445,991,1412,1124,550,2151,587,640,117,0]]\n",
    "df = pd.DataFrame(D)\n",
    "df"
   ]
  },
  {
   "cell_type": "code",
   "execution_count": 50,
   "metadata": {},
   "outputs": [
    {
     "data": {
      "text/plain": [
       "<pyomo.core.base.constraint._GeneralConstraintData at 0x1b0ea350588>"
      ]
     },
     "execution_count": 50,
     "metadata": {},
     "output_type": "execute_result"
    }
   ],
   "source": [
    "import os\n",
    "import pyomo.environ as pyo\n",
    "from pyomo.environ import *\n",
    "\n",
    "from pyomo.opt import SolverFactory\n",
    "\n",
    "opt = pyo.SolverFactory('glpk')\n",
    "\n",
    "model = ConcreteModel()\n",
    "\n",
    "model.X = Var(range(df.shape[0]), range(df.shape[1]), within=Binary, initialize=0)\n",
    "\n",
    "model.obj = Objective(expr = sum([model.X[i,j]*df.values[i,j] for i in model.X_index_0.data() for j in model.X_index_1.data()]), \n",
    "                      sense=minimize)\n",
    "model.constraints = ConstraintList()\n",
    "\n",
    "for j in model.X_index_1.data():\n",
    "    if j > 0:\n",
    "        model.constraints.add(sum([model.X[i,j] for i in model.X_index_0.data()]) == 1)\n",
    "    \n",
    "for i in model.X_index_0.data():\n",
    "    if i > 0:\n",
    "        model.constraints.add(sum([model.X[i,j] for j in model.X_index_1.data()]) == 1)\n",
    "    \n",
    "for j in model.X_index_1.data():\n",
    "    for i in model.X_index_0.data():\n",
    "        if i == j:\n",
    "            model.constraints.add(model.X[i,j] == 0)\n",
    "\n",
    "model.constraints.add(sum([model.X[i,0] for i in model.X_index_0.data()]) == 2)\n",
    "\n",
    "model.constraints.add(sum([model.X[0,j] for j in model.X_index_1.data()]) == 2)\n"
   ]
  },
  {
   "cell_type": "markdown",
   "metadata": {},
   "source": [
    "# Solution"
   ]
  },
  {
   "cell_type": "code",
   "execution_count": 51,
   "metadata": {},
   "outputs": [
    {
     "name": "stdout",
     "output_type": "stream",
     "text": [
      "WARNING: DEPRECATED: Cannot call Model.create_instance() on a constructed\n",
      "    model; returning a clone of the current model instance.\n",
      "GLPSOL: GLPK LP/MIP Solver, v4.65\n",
      "Parameter(s) specified in the command line:\n",
      " --write C:\\Users\\bmccs\\AppData\\Local\\Temp\\tmp4rft3f43.glpk.raw --wglp C:\\Users\\bmccs\\AppData\\Local\\Temp\\tmpsy0l9o7v.glpk.glp\n",
      " --cpxlp C:\\Users\\bmccs\\AppData\\Local\\Temp\\tmp8sv_w81n.pyomo.lp\n",
      "Reading problem data from 'C:\\Users\\bmccs\\AppData\\Local\\Temp\\tmp8sv_w81n.pyomo.lp'...\n",
      "C:\\Users\\bmccs\\AppData\\Local\\Temp\\tmp8sv_w81n.pyomo.lp:806: warning: lower bound of variable 'x1' redefined\n",
      "C:\\Users\\bmccs\\AppData\\Local\\Temp\\tmp8sv_w81n.pyomo.lp:806: warning: upper bound of variable 'x1' redefined\n",
      "40 rows, 170 columns, 352 non-zeros\n",
      "169 integer variables, all of which are binary\n",
      "975 lines were read\n",
      "Writing problem data to 'C:\\Users\\bmccs\\AppData\\Local\\Temp\\tmpsy0l9o7v.glpk.glp'...\n",
      "749 lines were written\n",
      "GLPK Integer Optimizer, v4.65\n",
      "40 rows, 170 columns, 352 non-zeros\n",
      "169 integer variables, all of which are binary\n",
      "Preprocessing...\n",
      "26 rows, 156 columns, 312 non-zeros\n",
      "156 integer variables, all of which are binary\n",
      "Scaling...\n",
      " A: min|aij| =  1.000e+00  max|aij| =  1.000e+00  ratio =  1.000e+00\n",
      "Problem data seem to be well scaled\n",
      "Constructing initial basis...\n",
      "Size of triangular part is 25\n",
      "Solving LP relaxation...\n",
      "GLPK Simplex Optimizer, v4.65\n",
      "26 rows, 156 columns, 312 non-zeros\n",
      "      0: obj =   8.400000000e+03 inf =   2.300e+01 (6)\n",
      "     24: obj =   1.817000000e+04 inf =   0.000e+00 (0)\n",
      "*    70: obj =   6.378000000e+03 inf =   0.000e+00 (0)\n",
      "OPTIMAL LP SOLUTION FOUND\n",
      "Integer optimization begins...\n",
      "Long-step dual simplex will be used\n",
      "+    70: mip =     not found yet >=              -inf        (1; 0)\n",
      "+    70: >>>>>   6.378000000e+03 >=   6.378000000e+03   0.0% (1; 0)\n",
      "+    70: mip =   6.378000000e+03 >=     tree is empty   0.0% (0; 1)\n",
      "INTEGER OPTIMAL SOLUTION FOUND\n",
      "Time used:   0.0 secs\n",
      "Memory used: 0.2 Mb (193320 bytes)\n",
      "Writing MIP solution to 'C:\\Users\\bmccs\\AppData\\Local\\Temp\\tmp4rft3f43.glpk.raw'...\n",
      "219 lines were written\n"
     ]
    },
    {
     "data": {
      "text/plain": [
       "array([[0, 0, 0, 0, 1, 0, 0, 1, 0, 0, 0, 0, 0],\n",
       "       [0, 0, 0, 0, 0, 1, 0, 0, 0, 0, 0, 0, 0],\n",
       "       [0, 0, 0, 0, 0, 0, 0, 0, 0, 0, 1, 0, 0],\n",
       "       [0, 0, 0, 0, 0, 0, 0, 0, 0, 0, 0, 1, 0],\n",
       "       [1, 0, 0, 0, 0, 0, 0, 0, 0, 0, 0, 0, 0],\n",
       "       [0, 1, 0, 0, 0, 0, 0, 0, 0, 0, 0, 0, 0],\n",
       "       [0, 0, 0, 0, 0, 0, 0, 0, 1, 0, 0, 0, 0],\n",
       "       [1, 0, 0, 0, 0, 0, 0, 0, 0, 0, 0, 0, 0],\n",
       "       [0, 0, 0, 0, 0, 0, 1, 0, 0, 0, 0, 0, 0],\n",
       "       [0, 0, 0, 0, 0, 0, 0, 0, 0, 0, 0, 0, 1],\n",
       "       [0, 0, 1, 0, 0, 0, 0, 0, 0, 0, 0, 0, 0],\n",
       "       [0, 0, 0, 1, 0, 0, 0, 0, 0, 0, 0, 0, 0],\n",
       "       [0, 0, 0, 0, 0, 0, 0, 0, 0, 1, 0, 0, 0]], dtype=int64)"
      ]
     },
     "execution_count": 51,
     "metadata": {},
     "output_type": "execute_result"
    }
   ],
   "source": [
    "instance = model.create_instance()\n",
    "results = opt.solve(instance, tee=True)\n",
    "#instance.display()\n",
    "\n",
    "Z= np.zeros_like(df.values)\n",
    "for k,v in instance.X.get_values().items():\n",
    "    if v == 1:\n",
    "        Z[k[0],k[1]] = 1\n",
    "Z"
   ]
  },
  {
   "cell_type": "code",
   "execution_count": null,
   "metadata": {},
   "outputs": [],
   "source": [
    "\n"
   ]
  },
  {
   "cell_type": "code",
   "execution_count": null,
   "metadata": {},
   "outputs": [],
   "source": []
  }
 ],
 "metadata": {
  "kernelspec": {
   "display_name": "Python 3",
   "language": "python",
   "name": "python3"
  },
  "language_info": {
   "codemirror_mode": {
    "name": "ipython",
    "version": 3
   },
   "file_extension": ".py",
   "mimetype": "text/x-python",
   "name": "python",
   "nbconvert_exporter": "python",
   "pygments_lexer": "ipython3",
   "version": "3.7.3"
  }
 },
 "nbformat": 4,
 "nbformat_minor": 2
}
